5.521611977276605 -0.7386538348478001
-3.3096638838668095 -3.542366933126525
5.842915361831291 0.19397207285095255
3.7282329665067477 0.6628448975240292
-5.677396231203647 -1.9898237986427183
-4.9478304338834285 -5.461638300110959
-4.278601423091151 2.6145637416931193
4.148217576144733 1.0208783063245388
4.8640989333510385 1.536098873111895
-5.027653907984272 -0.8173378290026535
4.568328632554214 0.5026628192214211
4.585081339976962 3.3708605220232384
4.093730368332839 2.6999347841950465
4.887378142150871 0.6941247639788775
4.185229920415055 2.6893178316557274
-4.868836307722085 -3.1988872338791556
-3.9381122911021373 -0.42888445297130046
4.7738585338116915 -4.986682973476093
3.9486211996265688 0.0910427469013083
-5.303248422935533 5.751009388846377
-5.188018709291389 -3.894832737224753
-4.114705990545542 2.6218618483693357
4.706203777665776 -0.08371621265564831
4.18432497461886 0.12118373532643656
5.1599262858201955 -0.18562332952062807
-4.653059748456805 2.096550266071363
-5.557050057375287 -4.0994766893716275
-5.525266535920703 -2.9860279377322505
4.640559730488996 -1.5578500241901156
-4.840829173620504 2.120885749203461
4.70965420163526 -2.5132877489672176
4.720764841004046 -0.14691401158383302
5.300631701665522 0.7148264129250123
-4.524739116118297 -2.0455980402189953
4.6923602385165415 1.9734325300551945
-5.429534862333239 -4.0923407031232735
-3.5787491215332685 5.33224846846794
4.729283749125639 4.912892253432057
2.826128241200563 -0.9259205793166045
4.277550140070742 3.763948336826063
-6.357254496899366 -0.47388007405313176
-4.219258003673651 5.8787742674483905
5.004578907184199 -1.0540600896013907
-4.194076455858941 8.896089859531592
4.6056423285260575 0.8975535594019419
-4.007403322050649 3.154649414595823
3.7200572210994265 1.4168413033722198
5.341110429193641 -0.1980940747334584
4.770852230209421 -0.38689752782476566
-4.988539648024089 3.632559410028204
-4.647292478374285 5.690842228963399
4.319258401438395 -1.5572681291067516
-4.13497163741624 4.848028279679632
3.692734557691245 -3.563623853095493
-4.597193237388884 -0.4040397629882316
4.358904270344596 -2.6588741719656466
-4.850596798498478 -4.1291079148106
4.6620951937833 -0.7813411435919798
4.232106418424616 -1.8855917099473776
4.576387589165193 -2.894628509403964
5.007687077177085 -1.0107276716960272
-4.369380719982854 -3.4779645165056277
-4.318241857659255 -1.2948443016336828
-5.03116672309174 -0.6481921264639106
5.652203594600769 1.813973354084031
4.265609267882018 1.7712924752296386
-4.868117942653715 -2.1212165889267114
5.030898564329329 -1.971020261651892
4.207198864417053 0.12271465443704668
-5.078280677164934 -3.0384066254987783
-4.657633212512558 5.274650218190601
3.589978524709001 -1.7828732473676947
3.35620567312953 2.5222963229575903
-5.6732425524793655 -0.8902512073501694
-3.7672460508038736 -3.9465393344310233
-2.9497832909900703 2.465499259458918
4.299469028411159 -1.1905673122502616
3.9016681178837596 -0.5947451729525776
4.213362580575308 -0.8734298789846904
-4.533692732333724 3.819388482446408
-3.1743326987349247 -1.091555989910439
4.109392336999622 0.32559279091613585
3.0922361884586893 -0.9014040868884793
-3.8746060111444565 -3.4264098938960093
3.057742439295713 -2.270691472147054
-4.2594083351583185 -2.450178440787078
4.709599546794519 0.8704314043703483
-3.7601501728693654 -3.4163863322301027
-3.5595375582293154 -3.045255928477636
-4.027910185233687 -5.72765055747147
-4.774088276587565 -3.6669821564819087
-4.546602532421479 4.4702785955309485
3.338387511149052 -1.8545815347772225
-4.693973215626629 -0.4771903449058127
-5.481345123827352 8.175358937749438
-4.259705596947823 -3.857875192969977
-5.340462556956177 -2.1741390052051446
4.616475888623757 1.4255082966246264
3.9673914206932124 1.1950989794402438
-5.035136687402882 6.731787069485604
